0
6
12
18
24
25
31
37
43
49
50
56
62
68
74
75
81
87
93
99
100
106
112
118
124
125
131
137
143
149
150
156
162
168
174
175
181
187
193
199
200
206
212
218
224
225
231
237
243
249
250
256
262
268
274
275
281
287
293
299
300
306
312
318
324
325
331
337
343
349
350
356
362
368
374
375
381
387
393
399
400
406
412
418
424
425
431
437
443
449
450
456
462
468
474
475
481
487
493
499
500
506
512
518
524
525
531
537
543
549
550
556
562
568
574
575
581
587
593
599
600
606
612
618
624
625
631
637
643
649
650
656
662
668
674
675
681
687
693
699
700
706
712
718
724
725
731
737
743
749
750
756
762
768
774
775
781
787
793
799
800
806
812
818
824
825
831
837
843
849
850
856
862
868
874
875
881
887
893
899
900
906
912
918
924
925
931
937
943
949
950
956
962
968
974
975
981
987
993
999
